-112.02516440 40.75396926 1272.3 001 001 5462 UU001
-112.03832040 40.73986721 1270.3 002 002 5571 UU002
-112.05581750 40.74003069 1270.7 003 003 3447 UU003
-112.07333970 40.74012380 1269.4 004 004 5555 UU004
-112.07735590 40.74193572 1266.6 005 005 5570 UU005
-112.06365460 40.74826819 1270.4 006 006 5535 UU006
-112.06323700 40.75609600 1297.0 007 007 5442 UU007
-112.06312170 40.76285225 1268.2 008 008 3414 UU008
-112.08383610 40.77143579 1266.8 009 009 3395 UU009
-112.02696570 40.77539222 1271.2 010 010 5430 UU010
-112.06558210 40.69124876 1323.8 011 011 3431 UU011
-112.08282250 40.70327825 1298.7 012 012 5496 UU012
-112.10920410 40.70806710 1295.9 013 013 5578 UU013
-112.10683940 40.69659394 1348.9 014 014 5489 UU014
-112.07154430 40.70463600 1290.9 015 015 5476 UU015
-112.06201200 40.70065600 1310.0 016 016 5500 UU016
-112.01798000 40.67544900 1369.0 017 017 5536 UU017
-112.02205450 40.67108884 1368.5 018 018 3417 UU018
-112.02687270 40.64122434 1459.8 019 019 5573 UU019
-111.87005000 40.74680000 1304.0 020 020 5480 UU020
-111.86178100 40.74236300 1330.0 021 021 3407 UU021
-111.86366100 40.75264900 1318.0 022 022 5463 UU022
-111.85465900 40.74264500 1369.0 023 023 3445 UU023
-111.93002800 40.78647300 1285.0 024 024 5503 UU024
-112.07224400 40.70732300 1296.0 025 025 3426 UU025
-112.06439100 40.70702200 1304.0 026 026 5508 UU026
-112.04214000 40.70203100 1299.0 027 027 5501 UU027
-112.08252900 40.69071800 1362.0 028 028 5468 UU028
-112.03748400 40.64749700 1494.0 029 029 1458 UU029
-111.98076000 40.65710200 1371.0 030 030 4047 UU030
-111.97984500 40.66076500 1362.0 031 031 3415 UU031
-111.98969500 40.63725400 1400.0 032 032 5429 UU032
-111.96965500 40.61413200 1369.0 033 033 3228 UU033
-111.85303300 40.50699900 1398.0 034 034 5563 UU034
-111.85549800 40.55562100 1428.0 035 035 5575 UU035
-111.87744200 40.69214500 1303.6 036 036 5565 UU036
-111.93327400 40.73615200 1288.0 037 037 5580 UU037
-111.81105400 40.74189500 1535.0 038 038 5432 UU038
-111.79511900 40.70692700 1512.0 039 039 5493 UU039
-111.83440000 40.74208000 1416.0 040 040 4078 UU040
-111.86863000 40.73285537 1298.2 049 049 3402 UU049
-112.11295150 40.71798228 1275.0 050 050 5486 UU050
-112.12668160 40.71573106 1300.1 051 051 5509 UU051
-112.14021150 40.71858473 1304.0 052 052 5533 UU052
-112.16374670 40.72632159 1272.1 053 053 3428 UU053
-112.17470640 40.73804347 1267.2 054 054 5552 UU054
-112.16899870 40.75831422 1265.6 055 055 5531 UU055
-112.17542900 40.75333930 1266.8 056 056 5534 UU056
-112.18045310 40.74886077 1265.2 057 057 5551 UU057
-112.18556660 40.74839050 1267.1 058 058 5511 UU058
-112.16237550 40.76322839 1271.9 059 059 3419 UU059
-112.15703510 40.76721361 1271.5 060 060 5492 UU060
-112.15005980 40.77108709 1270.0 061 061 5558 UU061
-112.13902400 40.77214895 1269.6 062 062 5530 UU062
-112.10065810 40.77200965 1266.0 064 064 3237 UU064
-112.32424400 40.50859900 1548.0 101 101 7022 UU101
-112.30852300 40.63420100 1306.0 102 102 6306 UU102
-112.06589300 40.68919500 1348.0 103 103 5307 UU103
-111.99720900 40.70734000 1293.0 104 104 6105 UU104
-111.87508200 40.72554000 1317.0 105 105 2700 UU105
-111.87270700 40.72131200 1308.0 106 106 5695 UU106
-111.86054400 40.73226400 1330.0 107 107 2774 UU107
-111.87772000 40.75525100 1311.0 110 110 2974 UU110
-111.86163800 40.77563690 1419.0 111 111 2993 UU111
-111.87703400 40.77168300 1353.0 114 114 1928 UU114
-111.88514400 40.77364600 1346.0 115 115 4615 UU115
-111.89026100 40.78011600 1376.0 116 116 5022 UU116
-111.89909600 40.77991100 1303.0 117 117 4909 UU117
-111.88339800 40.65625100 1319.0 119 119 5098 UU119
-111.87095300 40.68137000 1311.0 120 120 4924 UU120
-111.86917700 40.68301700 1307.6 121 121 4815 UU121
-111.88246600 40.69382800 1300.0 122 122 4972 UU122
-111.88123400 40.68938000 1302.0 123 123 4999 UU123
-111.86070200 40.69149700 1316.0 124 124 5149 UU124
-111.85211900 40.70849200 1348.0 125 125 4935 UU125
-111.86513300 40.73080300 1318.0 126 126 5150 UU126
-111.79965400 40.70850600 1844.0 127 127 2697 UU127
-111.81310500 40.70684700 1446.0 128 128 5040 UU128
-111.81371800 40.69942000 1440.0 129 129 4695 UU129
-111.81303900 40.68348700 1428.0 130 130 4862 UU130
-111.80733600 40.67859200 1457.0 131 131 3008 UU131
-111.80081940 40.66636300 1534.0 132 132 2941 UU132
-111.79666700 40.67365200 1561.0 133 133 2924 UU133
-111.78842200 40.67261000 1643.0 134 134 2987 UU134
-111.79455800 40.68164600 1533.0 135 135 2999 UU135
-111.79492900 40.69096800 1506.0 136 136 2852 UU136
-111.83891100 40.74581800 1417.0 137 137 2963 UU137
-112.09068400 40.79947253 1265.3 201 201 5553 UU201
-112.08866440 40.80091797 1265.9 202 202 5485 UU202
-112.08582530 40.80307405 1264.6 203 203 5474 UU203
-112.08269440 40.80543424 1272.1 204 204 3411 UU204
-112.08944420 40.80909047 1267.4 205 205 3036 UU205
-112.09378760 40.80755912 1268.2 206 206 2793 UU206
-112.09669820 40.80542403 1262.9 207 207 2991 UU207
-112.10115920 40.80285308 1266.3 208 208 3028 UU208
-112.08616600 40.79812804 1266.4 209 209 2984 UU209
-112.08247380 40.79444168 1272.5 210 210 2911 UU210
-112.08254680 40.78931303 1266.8 211 211 2932 UU211
-112.08262610 40.78257390 1269.7 212 212 2878 UU212
-112.08261300 40.77735117 1271.0 213 213 2934 UU213
-111.96771370 40.81461974 1271.3 215 215 2966 UU215
-111.96772290 40.82096997 1272.2 216 216 2898 UU216
-111.96772530 40.82732920 1287.0 217 217 2897 UU217
-111.96771780 40.83355580 1266.6 218 218 2942 UU218
-111.97912550 40.62759263 1369.3 219 219 2879 UU219
-111.98966510 40.64269496 1409.0 220 220 2888 UU220
-112.06441480 40.60411715 1556.7 221 221 3024 UU221
-112.05219260 40.62401956 1556.4 222 222 2887 UU222
-112.01701660 40.67098457 1362.4 223 223 3047 UU223
-111.96736090 40.68939186 1287.7 224 224 3002 UU224
-111.96408440 40.71009807 1276.4 225 225 2861 UU225
-111.95608530 40.68476309 1283.4 226 226 2894 UU226
-112.01946120 40.49737819 1483.8 227 227 2920 UU227
-112.02899310 40.50076019 1495.6 228 228 3033 UU228
-112.01121150 40.48123121 1560.8 229 229 2880 UU229
-111.85004400 40.54492356 1442.4 230 230 2896 UU230
-111.83639900 40.55247481 1451.0 232 232 2988 UU232
-111.86545730 40.56610947 1378.6 233 233 2912 UU233
-111.92460530 40.71692575 1275.2 234 234 2980 UU234
-111.89126310 40.78115719 1341.6 235 235 4196 UU235
-112.09212910 40.67950828 1398.7 236 236 5100 UU236
-112.08886500 40.66235134 1478.5 237 237 5108 UU237
-112.07345250 40.65135269 1528.9 238 238 1918 UU238
-112.05910760 40.63875481 1542.7 239 239 4799 UU239
-112.05537950 40.61172898 1526.6 240 240 4738 UU240
-112.06522400 40.54691671 1564.8 241 241 2926 UU241
-112.09160960 40.52450762 1641.9 242 242 2893 UU242
-112.08055270 40.53198205 1594.6 243 243 2918 UU243
-112.06978940 40.53678660 1559.8 244 244 2971 UU244
-111.85803290 40.78840847 1630.4 401 401 4513 UU401
-111.85801690 40.78844843 1632.2 402 402 4950 UU402
-111.85801010 40.78856116 1637.3 403 403 4805 UU403
-111.85793060 40.78865747 1637.8 404 404 2998 UU404
-111.85788810 40.78877363 1637.3 405 405 2917 UU405
-111.85783610 40.78885329 1639.1 406 406 4990 UU406
-111.85779980 40.78892389 1639.5 407 407 2949 UU407
-111.85775230 40.78904685 1641.7 408 408 2950 UU408
-111.85772900 40.78912426 1641.5 409 409 2923 UU409
-111.85764460 40.78923989 1638.1 410 410 2845 UU410
-111.85756650 40.78938143 1639.0 411 411 2830 UU411
-111.85752740 40.78945890 1639.1 412 412 2976 UU412
-111.85746410 40.78957869 1641.8 413 413 2940 UU413
-111.85740260 40.78969812 1642.3 414 414 2847 UU414
-111.85737670 40.78977617 1642.1 415 415 3022 UU415
-111.85734510 40.78986124 1640.4 416 416 1888 UU416
-111.85727250 40.78995722 1645.3 417 417 3032 UU417
-111.85722620 40.79008308 1644.8 418 418 1916 UU418
-111.85715230 40.79019409 1647.2 419 419 5093 UU419
-111.85711300 40.79028037 1648.7 420 420 4748 UU420
-111.85710140 40.79036739 1648.8 421 421 4812 UU421
-111.85704170 40.79048712 1651.7 422 422 1890 UU422
-111.85699360 40.79060435 1654.5 423 423 2906 UU423
-111.85691600 40.79070651 1657.1 424 424 2913 UU424
-111.85687280 40.79077186 1656.8 425 425 2955 UU425
-111.85689530 40.79086965 1656.6 426 426 3015 UU426
-111.85687020 40.79098068 1658.1 427 427 2885 UU427
-111.85680430 40.79111136 1664.5 428 428 2997 UU428
-111.85677660 40.79115889 1661.2 429 429 2921 UU429
-111.85668500 40.79129500 1690.0 430 430 2908 UU430
-111.85664200 40.79139700 1692.0 431 431 3011 UU431
-111.85659800 40.79149900 1694.0 432 432 2979 UU432
-111.85655500 40.79160100 1695.0 433 433 2952 UU433
-111.85651100 40.79170300 1694.0 434 434 2961 UU434
-111.85646800 40.79180500 1692.0 435 435 2866 UU435
-111.85642500 40.79190700 1690.0 436 436 2929 UU436
-111.85638100 40.79200900 1688.0 437 437 2850 UU437
-111.85633800 40.79211100 1688.0 438 438 3038 UU438
-111.85629500 40.79221300 1688.0 439 439 3029 UU439
-111.85625100 40.79231500 1589.0 440 440 2876 UU440
-111.85620800 40.79241700 1691.0 441 441 2996 UU441
-111.85616400 40.79251900 1692.0 442 442 2975 UU442
-111.85612100 40.79262100 1695.0 443 443 2910 UU443
